235310926973
228072964973
226487698372
222162719432
228263351908
242355175070
211273663464
200642978581
235678181848
211925027353
211669515669
209450414491
222302599149
219524284648
225799092693
222271423763
236882978995
242827019393
227882899587
228705957082
236595329301
245812612325
234328808136
214103657222
218037440957
237315833591
223854022906
224772770378
217432249580
245656348834
218044134541
226036880249
225881659959
231539139886
231260941037
236755315894
205779875729
230360506418
220186646273
212483669270
223627348134
248292167455
225325880044
217029968562
218571695340
238932129943
238910132511
233065096769
231317457817
222637561823
219830303263
220767416203
207602344380
205474164630
239508641882
209437410828
227962371311
233579043729
214354804185
222301452105
220534476339
209143607225
246144810715
235132400575
222184189105
224270477463
235877660486
232742969141
209448013987
211603099041
227871031872
227453521358
236965173727
220292883128
225197833763
218985086537
229470336104
229784972822
241761315497
218776890570
231340822290
230792360524
225170572333
250141129783
229841616206
223335147723
217694929904
221499929214
210646881915
250722786892
232375687616
225329606647
220112899370
241512066694
229842687173
216206578748
230761404877
244128314996
231074098641
241207979911
245727776472
226899465109
231406479539
207885344152
221791761962
213772592172
233968717397
199778720246
240803833452
224726058641
230549904622
212737394938
249868354067
243528733154
207755612054
255305137616
224555380648
224091735836
238973862697
202585573798
225197416921
219255514933
237504321010
221938947116
214205681478
231968342240
213760796081
214984195460
238988486881
240091601791
229668133439
228156637432
240921433797
218457151201
236012316245
223748741706
238456789963
200046005868
234121932384
220916913481
224780389655
237289362112
238492735619
246029693111
212646038358
229487486574
230539975632
205879793870
229217742195
234549763066
226400477115
225720562499
219443442330
239637924659
206890096510
226180801152
220229429427
227310820581
224120695166
226818166489
223621879256
208988072633
233527225933
224797998404
215157151564
234070665903
217947243572
244751275903
206230327959
224443960985
218115550364
228283909970
230370556081
231800094198
218669291654
217622982352
233986173047
227054628020
209399993884
217755702260
227510760485
218605733981
226644473731
223594069120
231339296938
223283021386
219188007228
237918698671
215916656587
235139301784
227719302564
235959927248
217924529192
249502722239
228603959464
228841922981
221236480451
224875075914
223630016692
233566480329
226206258610
226808630110
220190737645
229482716127
227803719504
247217940338
257671957630
231799729798
218174359244
220299683072
230387404853
230093331233
212952696573
220068802289
228737921296
218492438948
242589294846
229723873273
231476124672
221568437960
223422982371
227933175674
229953983413
226270042731
235115897189
228520639523
239884363025
215037443227
222163734395
231045551802
226791938313
223109082874
218111281272
226279578893
224752150759
217491036905
221012439752
240778254816
233678938306
244420852441
227066433486
226345316328
205647319953
238051369087
242385341290
217319543144
226774204650
238095493995
235366623190
224229132171
228169075355
238516127184
209496724263
223051099571
222931627463
222212513966
231543756455
236844078525
234212551597
234185580111
220402897156
240486820870
209087924656
227422697203
237895527930
228772830072
224645109660
217989007109
224982247521
222708249883
246655028344
246918424334
248580519821
225732629649
233596474874
221740830327
221441656590
230734502091
225029284326
216294644628
229110430492
227020261144
236772479509
241343734293
220503215439
228301432781
221236261010
226184839572
232039082977
212875997973
232591045188
227243771998
224517786017
242736913217
239108580821
214380294044
217135534499
219617363002
232646619199
221921766606
223445980818
220409978955
218962172410
203637714160
258288467856
236398334196
209273441495
226667646739
221759026426
224480657836
252476880134
224781334280
225451797510
206942889519
210518394553
240249248729
254927874171
243916626658
223298082537
226482612928
222115530203
218462522634
229866825815
235813312414
238404057740
246875256581
220566284236
227566901583
242071527444
219391997011
224906269397
218155337312
224344376448
245432673875
217075321037
224447631498
223910316999
207477049430
228899670898
229506444104
212543810458
246199385612
221757353241
233503957787
209147468164
215618643593
229347877720
245385313775
216867034066
215397965977
212835999487
230470656378
227167802200
217123209921
225660319068
231173846679
223420420665
215110534241
240707011967
216010767179
243659861311
240105620550
235581654624
232842488504
219006417467
215759501111
217643241078
227727452715
226120671951
206849036490
228191712900
220236911658
234958013915
228266851843
215592748029
216209163529
221151036092
230462354051
218026907712
233578010289
224446219226
238144778703
241141446936
219508451497
218068083142
254243739097
219098312783
228197848665
251105507525
222588987845
219636244310
238967123277
223091946938
223457810314
254961739651
217925748127
234637851972
230899428004
224281417624
236205229964
235250223705
238194035147
224121941921
233871848468
215875046958
265884638505
241065013764
243319003607
217315577597
214487140554
222754255415
227349689290
224703307828
210683346515
236955969795
234699971456
212140262726
201257632397
242230870578
222630228693
241859297878
243394721747
229708786459
234547929285
238537682407
214167075020
225915699728
228283775463
219097941499
234417735965
225660284932
225377809661
232380950881
240209448976
221181260062
227173695481
212802891867
236069929880
244338349002
237858746264
222379160512
224442862036
210279731765
226522963168
225972739220
233155374333
223514617722
228449068911
243164048863
233273548741
227424678967
236600932713
249630443710
208048656735
228660287914
241304541566
236351351759
231277045830
223872116477
218476190662
225795477362
222197759801
207421210995
229836347774
238814453467
206286412965
236815809789
240195272649
201996317727
240070302443
231353840364
204604290075
203808808674
234135126974
242352880297
237544816721
232225224048
240900037733
248086224041
216497797378
230353057408
234927791592
203650863208
225975050750
221610908061
215896187211
230024377845
238610040809
243128923222
226194771336
223957604257
219648299783
222212063312
228087908084
231681186172
249195391547
218341518527
226158790173
221523427744
240516553892
235469141816
220258535764
230171476905
227974771654
232250447863
228076593438
223520952537
230556566009
256134716709
212510130600
225839203813
230182913839
231169620762
224179532728
238307266480
227121596318
211889994550
205320768941
225434963075
215491009260
235756465862
205268969701
210443812198
219839466857
225265008248
206331156400
214883778057
223025528883
207623663032
226360479456
254932021767
214619460569
221799113801
225594888660
221369287016
219654414616
229794326363
224319158908
232795037627
204847616982
222665268612
227991933005
226458529212
226149037469
220120184171
241634157528
218671386670
226779769643
238988427015
210629813406
225135612382
231592176806
231491328879
238031602321
216998701532
216467113871
233467938869
244104002288
242151825422
242233054056
239294416187
225882622173
212615780192
248921641774
231219195394
212704237329
222408282817
231878165170
224488397387
213037951127
238312256551
222707493125
229684906146
229797364873
220779906003
247054032770
235000061125
207223272965
211240245065
220344241928
222571235767
228817369867
224612670954
224172358972
221149556121
219344418766
221435473815
220895946387
238579212350
204260539089
224396623404
244610606586
231565992826
224702821382
223248526958
230200427569
255725951575
241426216365
234385552342
221686006050
212219113682
213265034569
236599115779
224910901396
237702336010
245018362468
234780945942
219011214742
234050617555
240732909585
240795505601
213501458999
224196916122
252816298100
219127233679
222966198442
220791710803
224236711215
232238797534
230677603171
229653865286
218389911019
229854990775
234788514579
232172735781
221648716541
231972952072
228018040123
231447559690
219737246386
238562109136
247011280947
232844681243
213726975786
234706044692
232056099285
228048165359
242222483253
231697223569
232442019291
228915030962
238335158363
214587116443
232694953902
231612573587
212839665284
232063874011
219216828433
233805927326
222721313164
237345612898
219278110413
222761225025
225719451669
230107055272
210968938891
230456547933
225720572500
205845977956
228204839657
245887419788
236594450250
227893893600
243571061911
217435604007
232216861326
219276022613
234898618853
213194749800
246731821818
213984397450
234628335750
231660127399
224261086973
225573217958
228055792547
227475177912
212178695739
222456280001
219476152660
230017620311
222886433493
216604008285
223745693153
241378481166
211997939830
227845637919
235064656459
214903139293
230065870105
218753154131
231534674608
219197940484
226208037574
205868493301
221799087596
213172752929
213590820596
219611376218
246607699252
251651221417
228239006821
225563100751
237437966592
229933163590
231832108933
228787239216
223745848853
230994669248
243126904731
209155904153
240940326932
222434782106
232240244722
238954977237
223387639392
229249344327
217940000886
220398086878
246800210296
220591847833
227641869839
238658485815
246515440614
242317363881
212719539380
224338174596
224952433705
220638182892
233104434259
225870793197
222572433556
241323649789
237537118175
224792957714
211506823341
211897164654
223396225274
212799378428
230784410077
234117502002
229142208219
207391110817
231178630090
222132078616
248916892362
221756152165
235679600741
244678490175
219161381874
226978041368
227813226592
222103012119
224239013370
221303503318
231039868395
206113800371
226662944323
232372705722
244758544873
244845238336
220130299140
239312140359
219602108970
238063087195
233618999926
228430750893
252066251368
240450136423
228822645716
228224875996
210909334481
231115857764
229762487381
232994097124
241322727463
210540687430
207838305472
224565133744
215769679374
240268226112
223524865334
215989122234
234379307367
228834904885
227058120849
237857212662
223549325225
208696364707
221443186731
231250476081
217869577920
234924595193
217698922506
244114495891
218370085728
225759672390
224367424199
212510399727
219434256060
229612794421
241313738773
226604558894
225656527851
224470957839
233044079511
223543725872
223557918225
230721596955
221630946722
222839418259
234910689839
231988400854
238768611201
233009806883
233248503073
227208781042
222696573732
227724344103
217874429389
219705548974
229887228125
220758939521
226789989345
223443546098
228548642115
231332043671
225540183855
231159788123
221681832425
238532640108
226349857402
230582028308
222447561298
226411600799
223733501716
240023400157
220018957124
230166981952
261273006131
229730884936
228013105194
237093410978
245090921711
229839350470
214382795274
228642262093
212621620078
233752247084
245525054576
236743891558
216869461132
228222730642
237475109780
240145893248
225069468547
240988950124
223185843630
224064598723
225554904209
207169603334
219195790078
226435745509
243472197201
216618838002
217950647484
221715349705
227225708399
244512122442
234670300293
237629569627
223265600277
222618041070
215742886199
211169434785
217078657730
234719777071
218432463388
225102176264
224097218661
230811964264
247781831314
223368172290
225540655772
221322725515
221786406742
231609861739
227346161015
224473703057
219643579946
222288206571
237942787400
235863575847
232430470310
235638378886
229912730375
234075294314
199078064342
221529578987
219357729017
232006508049
236182629639
206778715800
237208891907
225964311669
244358318640
235130638700
220068114211
236747289453
218624828528
235790535351
204716083303
207723612966
222890330627
237880932907
213666113434
230810751975
211770201509
250927843504
242299525584
216112991715
234983957896
217021149350
223610601175
221826593202
208178417484
235859822048
232366492175
227686919267
248485531740
237060444291
228023900841
238660745727
233111138499
242314949447
231921214388
231465690008
231678304356
230636808736
229519514032
233787715598
232608825023
214133482298
233322985141
229446625541
233541844293
223375426429
215507566577
229447174183
227104319062
242718623440
219166311948
242932125772
218165966341
222517884714
226780678174
222466654921
206722373444
245099912031
226635856339
222936646658
212517460333
236521812908
225502629869
242360269327
215364774796
244842626481
205840679208
237363342799
221243458791
242614575235
223769988985
241479272124
249586991871
224350865419
228981755849
255297171980
220122962271
240972279736
222155382335
231614151881
238804870648
231615655628
232508657634
245007412254
225976798726
221051963995
236464082717
237737227157
233039524042
240184912731
208709031699
231812498825
215473543430
209217591250
198143740389
225797174009
204440942258
218529430139
233235713222
