5247
88677174129
1475414676
85138136332022
3192476200436
833987179428
9
630690911329
198540549
4604547709092
3402744191239137790
4175941648793
9932
382
7154378279
1502671541827258164
9757
4
54408834584967
6
9467850116
468332073274759289
8745211569570145608
2803025336977756
9021577
99895809795705
8582888
54442
11
427
2276891817
407033
790027
34
7126006524871966729
81201
150609211913
514251691449459359
25394580
2186637782573524
4
949
7044
38678685
66
216944987256
2318254431125
61969698818369538
62249015045184032
66448
3955634320
6
116048
561797081
853045
33746
930
438
186895676307926
32315
2208731948964346940
28
6932186278204
318400888110552676
3084749556992
261
8602811467532293284
55990635
200144059191
30457039227
94002332
8929
9168610055590541163
566194268
75093903491320641
2
854022
1701411434012881694
57824
27469822408271
824267725340399
17531016
4550781118
736
690422959060603536
83014864415510
1095161014033
87118672
498766633
9499530902272667
1431697067
2
880856
98
78488
8262342718095630
84151
298450381
3259168848499141574
7418275439213694
93073
919654
89424757273504
30617632128191
951
14852932
806732897658249420
9575852482
546087901965
35602007402
52
9305931959
1
740185934698934
4093839586
8547384933406800
50774886820363
44735
46
324537078358
61241159304903
8832901
4910
4809
401615
822655925255
51
7071684905373
73054163139669765
57
213907501059062
8
4120405095951009731
998391136978371
16710100961407725
931530
65202
90665498964735714
1308
6223619907
87299
52067239
5690
868
92
8108978780852565793
265213694186
542
6301533772995520485
4478415753317700
18755682945650
337253358317505307
95349
410119041197730
69760606401
23837337373681
5355248810
160102897
8764487321677363
4672965184
7527716783
9324241594876147526
6454020224845206
2
793679540
4274163
553168416884
4305648505
7537152
8848765738552358
4
5296171851
763164755
439839
7453327
6267
4404948181906
822063021907741
7630380
4133833520
7652377934163822004
204952660
588511142978788
56689601443387329
6297
23266861
2617461335100620590
12154812835187942
21145343128
5219008549945
88617979550518
86429
7374630931774577650
62586
258754
252970975161362534
14176697
92385
3291844355
874905796783062
21995036980777183
91490869437
5853580277825504387
7269771494
4655
589
30402
556716271054
215577
315179190123628045
700490259846413929
8478910645285185
8812918993382600
71361526436
50497743354
783461872391142867
1951971857461959
99297391
58703200638192451
210574
32526
546020180506
17653968
11334165446
3836504903775820483
73
36621
851371
81695070240
24526
6
874
6056
9762252816436
4413652
7301
9
7818945676614
729856868
9278975424
248381798231449
614101582608174934
73
89672225623993630
57476268820792642
62917
31297246424
87857560764940534
5465364138562771
8785913051421858242
8
8743279
134092072488
1271315100
216327
35868
3938779471723611947
1
76556941596025049
45249558
83
373239247145536300
988148780766813
71184089170937
352567907
8
795
970676076
2775521
5482142459499300
51670058159985
4867000597909
1125
9145659488
8561259402642
54564001739
2
7857356542
5339
59738692
4308681479345888
586534383060541
883744
24892
1604686138
3148953
865960496901513847
177
94483166740
48734390187655
62255449
146553064542
1925956172597274510
98764019280003720
869373
37
893759518722227872
88919416209397
62774324
69
9123846
78575269
1501380
724193
3513481148951011
272992807959116878
59203851433130
4417882141
1764770534864
5469795612
282831
77169
1298
8972918
670
754
5148
1626758021542447
949929715725763798
75335159899
4907878373010709727
95625835
67345068231
91
755605916383266390
92948164852119
3768886911547093565
4394810875027125270
847173866
93302221893
92052274895
117452132797170
4083974
95906141834
5074877570
901
535
87091401600937
91274449697360873
361
25844908465
7
9439069
83
6105121004
986934404387
9203095797695
954305942865915
4297125
5061431535846109347
417178689514505
177525004042
336747132646399
94364547017827
772686023
76608
18396180295947
687
455056848060751
29922760383892
848389003219816521
51076004954299
5204194374018676249
5429
906137377711149
8
615197
84909300089
515832814118717
41
5836245
2037754979
623612617
1110200681524615216
831665
1317
22463157081434355
39
8728531597097499670
5398
84330
6
9242163
760440
622551638069655
592195585358756
7659879
5610526861158
854772755
730078
153714333337598128
614574272461500172
28
490701967
6253562417
25
7388238638769651
6444093071754235305
74965
8599841084041354
7261900238406282768
43433697512046444
9090616623578699
120976752
3048345063
7122275161639500285
67142
44046355
294273
20006579998
3013402756356738354
68744424
12134175408
5026151691700903338
4016733469
973753
704371176
826
7103251
2693583
16199988619004
65
866142707882
891
393009499977502689
22318580015912922
654834246869342869
79442395067425572
198306058
7490242
50624013131551
69282
3974375180
42
151831517
5248
8569
4572246583734510
58438358
4078141
5338172
67
1883
75943601904320283
123877007116359
76299449432301456
3574574391588388
469565
100869157887
2958476496
40003004622033
2832696412
344
75
24978
3339758096936260635
49689828439886
662
7048302269827288
377973
8219049888852
703762739243
33350611689
8448
9848
98260491217647
29314
581026007680
4307898002
4754107657
45167035
9292433
18
6373327273456
894194513306071
8
49442592180
73197
991898099572650
1909891181
20362766
10732392321159968
278655912847
573015736916877
92363039712470
22737359392576641
84718622632
260567
492154158513152
3075176710
3205957
4219534758012887
682258694512
951
72473302013965013
657439
413988399
598139572713337271
388505
786785186248327839
47867959885
94
2881768740657
856413914712243
91577872
162420489582063278
30020862
35602941123695774
7904044559373635
6
6616778519600
2605319192427
455
8557931291
64234
598346973913740
7637
84614
6642077334406
39
3202411764942
7886925241868450
3774
3133894
73340049641617
400307496
5683641395957304004
47571174767806718
261815563853131
558427006622953323
1927412330094
43851
88
15
8837
4691196496421535
3452839745546
57776534335512
9196424270663404
79377889404292
843981117299377
72
89375946867365
47395584879239
6825
2366903971009
154362097489383
258643879691
191981958753901
835185505154428940
18384
4087958384
80150473047879
867522576146710021
2923610
4617229367349
6581788812233
538713033
56539146742
2107115370816733878
519
53848
5
4487322289524
9560003
4257333
3223
81
8779966
4480097788961
10614094536833368
7560798665428852488
114
4974386170
573485709948854266
40492422615
456932699348194
918599280618839255
836762592673
9878123179158552475
74058413493979
50343678852600
42441597565
5393137
200981105057438335
633
138431635179337397
335145621
7168267251
24
14282798760
47396391697040271
108254
2778492631016902
50894509183
50634267469
129097952002173
3
3514
70986
4691662
7233630146
17178849
97734697
14044080734
81562195795120
644
97685219982129
94
65230207577731
7387937754
10523
351
15637
1046
84952908871548
37163
6546
68
4848990
691947815143954
37749
70763
68477024
219420
75119912
116416520391893903
78
694091201659
7285996
231854
4
7141068660258505
24176064374901
51327
8060922046
8700163840727519
116
511688117440907772
9638619730
5371628330
5666
423660
629721
7879923
31096603149
3888678726424183
9547013
5438062670182404267
74670
4705387590
3945080
612926672795208453
517
58452
8862036567881
51139
3
1031308675294
19382
5960305376097721395
2894509047
2829167621030
42562
8534353563517
2
4678486292836343
8306615
532430849016816
43148831006941761
6
6865843564017283
850444485036787
114881412823708704
5004966365835
8659337890884
512347
129352414099614
6655122635333226255
9758
89205411
43604002654753279
9698537976164052093
5835296137270
876442
3179382998496655850
85
234
3840740
49464314171
174253063161078
6773953282778295757
9878432160993
6
7297036760329952
70943048618010927
9889811368765463
334922365778
6
5421586
7987644316430
89951912676224
7063624351
456022745
9795422939561651
747472
4758668
120601
83786374828
176203674
2699225828908
7380
388057562290
98137078417514
785331711
70
38
290325192284484
4964069473
2969056354
8941946205606241086
903304091245851114
30
72619100
9995776867910968063
392127719453524
698259023655347
51
3633
111110
888219705
2893869800042
57266879737441
70195680074357383
636000720
45
803580367035396
27
5671399
10363477090971
32235085872771
6626713023
886776221
2110043835625654372
38235
148235565459094
7807587280
49301371730662074
3143029481
973204573413136
86
7617257918
619706519
97702602
5637312688513676
99525589400337461
399833104101471881
967257834613153
1870411102244860257
213099928674339
842743
18758537651400815
7270499956671
534367134214614284
572670873360177857
785652
5922
765091018
25542
458644756068
5642794246783582404
108559648909
630873563635159
159196991
4
7601515
3892626884989
64
11322963386242
45975
443760811709
19
56071256
23700
24127693511
300728848
397752405387975
711747618340
8346675970690135170
4239476
783805872
307697
8017757
3844449
4604557
18
5147
1
30399
93703572181
9064796582784
75
2
914236311370579
4851104
1882225484515794067
86872848145
12578915192227
83074089521
27
94211
636
6421241408352546
25
870137450990
9106652
34
68781168751
6203044
73887
7
3839106070931533905
7774
4748522
24807074785858
3018380190533489
49907304143
12507686329
935842059681844
4614
693924191955763523
6964072933824
94762549376
1309
289966
177705872037
288601
417518139
326378853863709
745256830849200058
65199
9638555713785852
288
181
88240241865
8870321868
3448585990989808984
645045355846
2651496
68277354
9296
9669695063690118271
98428
7579763716620
42
92391934
89778
265313241448973
3
94138668
102
6673273113
3417520426
78560278045731275
6622
1320
4192017
297594
4534532034794957772
869501627
212603730995063
39232505455
7303966360
7
9186
7047641754334822081
216226
43643489
2861
19792221981
87822704
9855666274751
37408639543
2582951909
549378331746
71
5
23244252
4311182791
7568523473407139
4051756445731176763
1882531939021
57194985353609980
82996974001618817
8
435320111
49096003
8087430306787
1492658868433
367429510
100369395992786211
981562
5733
4631428811534884725
58501790882706
833028519365589920
1133708176464
9656602703130738
37471371424375
8091161319411128
2279429655861
9635715463049250
59
2466466637
1459
2154
33461848683162
5346954
60704144475458516
457454384055508
147280476504408053
974215555289239
227884
64824284
516119453920
27678059875
364257923999261
52001
5014706
1759945843822
37
225039
11083992626
22552327685647848
686130480778518433
390461864236006
24042268511831941
211
64475326
6573563546654
3543940904738567273
67
1196145890
31355
495974570333
22289528
6443
3
18
9
8199
654607256784576064
33111765255515540
121
65291
7872045435827169111
588934105702598
56993678859112
6317720
1752726706102331
7569636304337
9320401407
63822355871991525
13
84
51938042696
385
739937038325
605
2097970
42730749
402554389352886
13317818214
5667770624978
9455869
1311728
703985875868478776
75977
746120455011
22
6888333781487
800
81
972744457287
69909412
6
42111712533
18446325
43118
92872506191818
3507
117
3
9
874549232830
84340406
1950998381602
7935912433690
8291062104
4201753186364138708
6
6665382
6
3425935
84055227583344364
453987236227
176332535050320139
137
1634788412788
57968
10275574888
981360493609
24
3
7236
43157
1816
7138355
17071
9586840287
711541401177540
140912505
380225968178734
81356
32322478997487771
451274200
9296607
7
978521
9772246855781808
152
56627819403858843
4381883784427033014
336
464769869384994394
352141
7643907
7916350785687
2861592802583341326
269147443715
4803399137303957018
9756436
6340028
570624987575143
224303681690
7289084029941410
98280923
75404302027708243
88428
293280
762751961174
3
3
5
2040
83
5975213745379287
818980481324
98099124
4125885
1992829
4068137
1446659164
46901422
6605555918815415
230547415
20858626990291
507
261183098
136356787064341304
5532235131933613272
4
54742563286000005
1
663
216105194560
35408172
6518142499700229
84
827465357194247746
46968741573
1831656155
628517452549
8
8243955
313389278826
3317392
318777
1
4490680775019411
8943
75964967910319444
130838119654785
6191961709380345
6448616087221225560
12687
18008312069
798997168
6138506850198767
47065506014381
8959317323322
893283819106343403
96350131
759
3249343843024210747
303208380683214113
3056760529
5035670726018159
800
4408176
18496001209
710709246901
5955
273711
41009058131
997361783354
83650031837054043
76720297543490944
585325462005
69
9291
86947592929354
9173
19949449203594197
7644878016
829
93190124163
2605538957083071226
43862036932730477
5232273341078733035
2319745102764015462
271793622155505
760787831892695280
941554631632356
7803810901406
10706
2784845272665
728323603575712
3
902
8299569172319
8476683506
55029346095
1221173557493568
1308
5762071810637776593
15794601
825615429639
31
430
4
6787089228689265470
4473242
243390839638067733
511334720172489663
42787
15916148297686
3002
2897412646
7709
98122778
567
485028774665830
71276265579
653386
66
753688139083070349
2
8
31822494456728946
50
9
26439932783
966144536
67386
51645001641632
922657412432510071
4412890342244163519
48515016
118951809388978904
7207694487
50504127285253
262996052277
4400178766008071
53776328651843931
77026635613670
48699758204
25659636
5807872970643492
9352970851541621390
251476
6687882451109490
63200266
50976611
6
333145
895429623135
171
2
62934028
7235375754150305
91869064375779
802502771933
557796764888743662
79473644664
2
99688
475
648250
441638741
299362
88481465943
64838025661023703
64504
2915733264286852336
803278017509789724
467519332690
14319414738
526003870901915240
27
871
90973651518573611
80
47828776026208
65213268558282836
6615903230064133
304951865233499273
58680
90253
47162
543812474973382
4805388
980241503652
86099923808395
3698
8639421416
5516930
61846
7379733
817930
20383
9691588298247
559671
1700029
703628
7013370
40325456819023950
387342660348
26567442201165845
316595
98994
8646
9258310877
97
52429774
72788903
7838077601947
642977496
10004996448817
90846727
79058
7770394569755
1
7763005373260294
993608030
891539
22562147110
7559580
27528164
405176978822171915
1812175785138503501
872697717124932226
5902223554
6774240812
2766467140426179
29
357316676438
75172000756321393
5154600715552915902
441291669555081
20803632715455454
7296177704675635
86251087
21381519
7186953561
893
255499948170
65158178
3381958875586026579
2
248377
11437
7448101016
48299
243431308
665268472
734377396297155615
156909375644799
73819173114345775
60489033
7015216569790
8767897
46985288769101
43093
391872663425
371535770
439005
7449473947874462
62229921
4024231621
791160734005780749
2
8153447431616503
925480883889599767
47598286956
426178911986579
5
629
56130396746
182419580455341153
613070438
771978296824434291
1792419852652986
995825
752
664628
1090969
222297505
630454545405741
5
9
9865398000
1579644561651
60582760
3939853258035497
12748320958382
9810
559943028708
667884052709
200492
25086966254
9534682
32690342695329151
655847883881872902
4612
4833210
73696118
8261780316074901
38433621
1
74126498
3949678031023184
5
34964
14
9624392453
804684211
907526709132
726335709879308780
62791343757237
722048
4142513682796435738
70
1
99
8679
784181300
598963128
3737013259254801225
928
6
532
12
3744553844842862
95970
5
36
6
85880852940163
5227325946
6119933791322660075
43797
2946392474937442212
82585717679
693181242
3831872119
9159898824299783
288052274566
72848
9986481807
15627565
673774317824
8062364045096308
1050719078653143
3652782
352
5409083361
2601452928918024042
740478
5010947979
5209
887403567253414326
46665843779
22
300
5676302058855
71985051
48
60353
683
716666006
7564269
515727482126088
119
57863090273
5113274665129524
723198
39161622120041117
708280075304622
548169298243748798
2124047237
323104
9141841043770
61706772913
85216220
665320522
4023893739709
51958238165
8956148926
643334590001
396713195056742
89284888
2918265142301
2856029
47
4957496283712389
7855142692585481517
29453205
731327822132288115
964519643
76
5366093580615800
98234
46713991853040184
4716334992587211541
386826393
453724079757004
8652209634045981
2246330951175354870
58567020883
49732792509267545
94264046353687
40660
11
6378143753647874219
2116012284
8374927267685150
637267248118
2745246450163055658
1283868043575
77260420
9768153234360044061
899129821
415
5
494194569650
84894843
54137
1466785458479
477973
37208021246832
7904371554138327338
4820877
45
159082567
718935732697950889
1652694400
5
564214231
20
59
4179
793
8
310006576458
7834395448513701
35712193356360280
448260781238
651862
796
613
419517839560069535
1019182268
405
352146219375081
33675951389
92660401925
757101
223865514
8536032213174737709
34567827936
8065071692696296312
1855454
76119
35848214297131588
85317
44
5
982
1643022594691392
16811153807152
202410955955601
474364024436203912
38886
989162739500595
5209733
545202
8
87940824340
81343
8
636949184610044
4161205349052529004
26816734964
249885
367545578914887
898
8
445024815491
7533760633716
683939274181446539
488140
8576950062256
218358547659
77497
99
7416
1619141572099453
9362
8773
87157368
18
91098
7
76
5850585874264669282
221066274950326
978480103
8515597
723604873974547553
91435
8894321284940759
2896244820
3415816980931957991
672512886543542233
57211994
504
24305546921678
369617135627
2564588572602030710
2484035935450
123395294
47477083643
526504
42580
487987500797772
29390388172722
256030718162972146
1670
349920849515910
6008608068
4
1717066270
14874575156422595
958917596588272112
248064759
27967
734395126
5520761243
74277455346
93196
997505825528877024
9458
84853
20
8886924034224824703
84371730
2
5987010
8884094930934
7
570415666788807
820867125023279089
102709070
1190494634265083
8416012654950968
5965308866290
6753763916196951
95
247023297825993
94995071948054117
382139948
532
3861743498821191
62943
616757908471
15232260263414617
677795493267
74352523126210
7306522519
6883463577
8344535248618818295
6200151876168625
3773831207
7
917889532553207
10487605128089401
84873719717202396
2246996339560873156
340436307058872
1890070650
3075937409138537403
601097123
233826248329650
5
82214116575716
681125
93953827084579313
1814225159312880
7141
231
96
5443131953948
8563621267519
3453846
73732297427
8808262747185498
5
2363427342496
1254214824396302
834182696
3752677987434299873
4319589776587665359
433021406129317
8075
812568161709
34
5523
572412016
97071376011803459
1349584619
644237822
815983
85539637975
23653717095109305
325745601822
6903654506502442745
455370
14269253
900994226189910
477436626152
6586442024415655
4280071027519877984
855915594620328679
141785108155
92
41103385
29315035889419066
924764561116481777
10381639197819
75066731511
91276749552691124
239
75144800140
820
3504304182542
31243516514864709
8417004937739066068
3813
304673
288
8696
92833094202958233
8661953653532
8932
914008919431978
82
2216
344
59797067713967342
27314912888167712
29781285813577825
2038
194574834163270472
8370647705665746
1369808344971089
6068160979706909405
5375317298
187
445158
132
9658
5
2727
2
165754947644
796187
8310446970980062869
7554478743767127
58625258603897518
19981783
497943794059452
322
899585261
52309162
5518615603
3061263445092
8274
740327
160644806
595378778051
6623162855820224701
697960343036028025
9103862319
8349587323480651
28261
699612287077
26001000028602210
55811789353
70663975
11665955372824981
94133742752
2768410
9661956
5420934725774509
20122610847955364
69840641
8
785847691
50462811
6673213067474481
6
94055
346
21459107161
290720459205415
2763
696204635822
168
579614803
609790275400387
90725652
55384506
40
4254926
3255232755
2014014699607387
301848342656679581
459
82387
766858
87921
5
96772
19633180417002
7149560029
5590171089446440353
2794896372873689
66526
732
124341530897105137
553
235290096
180492943
744370777886
91990
543025447
39207140144982
776636369107142
6994812173329128061
266145315
96621280444099998
9
62194
96
373
476
83557
35
8176
8730606
95475498193
88580347968951302
736158009
87410554656997
322135492139687
6
259966092384405770
229311038422
701210534762
97014573154
446206
91
30050
3091520024997
441592456660986509
14
62463
3
7402570026221040417
743697861857152363
7067163941
10500950367709199
454
910768296
8002048030753755
68433002967985601
51560
416497572602884807
758
318457329235106
74908966
293
41096442294389
39
5940248
6276893783668
9471330255074493551
5037
4356396866
3790919266
9995752839337
2918472620
2929
36191502690219469
4988
540237789884
721960997
16775459959433
821013400489511774
2382
80591
74476964400
1899527614423836116
4803217300
5858413
4996227408571889098
6254667494450
1531513073
35998881039505121
80716254895
82841307076698689
21824
43
3607705031552738
95791814941643
697
47789913048
353356604021
82
5294520517963
22556195535
675110450
14607676477
703241884311033
8740580350112734432
5281754
459671811761477
916780097723
7
689213893244
5438
601272403614678284
9682117565625697
10830027
1197687366273
9917
3406488122
5930695275471107
3
2440785082170090
559569982586625401
8090621183346886926
75670
5941627600042660714
365013136
1582226198
55
7678075689874731260
409584128
6282758044706341
627968210212823336
2768
7433630675508469
9177853681342165554
445072909751908467
4305195268871016346
1054809139
853
6029
429070398985195
18051834
1302641312872
474287
141395382815590
3047649247904
5980561
7699298307506
86486821753196
754355680386854
1
221578113
331598897614
249731354618968731
4622253612
331141
86789817135269
912821189821024
453626
4344983495
999
454235176681981
647066757
34418292074640
24058931477
518851858026
495516858447944333
433921740710203
6510548
2
7733715675168263771
901539203431572
865
2931699618961
21676080049589608
5287256363264
915798166549286
50051772949145658
225468590933
17399279
757589786357
3124
3029125468
80007
803264105168885757
26119105353
8
712
1186035910
6373664590
228710806
78116
2377716603776
55587647230438
7639999989126
271889061060
50148656
7017455769569614596
51210
2142357381103
15
395911731
864
30795182323799869
40098601627016385
670018381566216279
4
1200241717883648
637
9986543313520
199449239135727
650070819370
54399554636
3761944842213156935
99562
167158680601921
732007
95128620502106976
465509967700808
57034378223248224
98728558518
339795356
308645
728088050198554
75777
94303614913
726255772
970
4040821800
61150775156
41386
50315
247889791061999700
87165094443
792116414587
75922435890
40256
55
7148562306968207311
3209830299586341
2783989
6877
5156
476874843175250987
48722
4860338
430
89496042731446988
8576638762852
18859
8
32364840530031207
9479376738
6697957582190198
70
9
4203011070199
66502522403
3462592190802709885
3286917113673
654787734
7843342
3
600187274483844080
9483363432173816805
1
5841
5119375830044942203
6862931254920234
5517998
545205584304
576859823993500627
829296
6922935104783
71992983
47
780251242
98865475591
3
515376437
691921
618
74
16792195498309395
2209
3149356104461
82538544499839561
894240601444
492363017
39682904
5209
94187639234
33448783
4237639384027
8298942556
95
43088666295778
78014292201087563
6031
18481007
88051329713920
766
47365
8467083761117
2335
462
3788411842597086
1496410869
8260385619421
632873505938
9224422410792309406
848605761775
255441223289058738
644921710
91499416732026437
1031
6392243982929926979
9101
3481420
56
94885013639
2093
2256467806169
7478861868311215
6310948843003
61
43079517782522221
7
8673516
9
28493715180279
916045876
363966134832398675
76
55355433397218
6
5098361
2846719803685081
788871584120
75
66449363394655933
425010624350
56898353073689
852609
30914505096
56028397428705092
213470154
9214783541393
4875354643696653154
6413563660912
12797025
803668403624514
683006851
57806
11820
773808097117
6969865
3
4667804958
9562
1
383320625780508903
18073967
9035
433
3128691276876686506
166002719363733
517368
45
2
60
509185851550927
31468496844
5018189495556215
5697833913730196
993
614890
95481889766905557
1422278
72115128383
3184593779
7075606799736
286047108380793136
76808
144893494747424
54808222076
185953005584430
24948
2536224962921005730
726408566416469
79094123742970
6936117809
5190866942840007080
702257268724
265935821847564694
59561630494626018
492996399025
6484
1693430704001
478796619
88743874185276600
5733208433
298857837771
399015934459628924
82837018910299
93958
955
639170548739828
365722
86
38
905732590266
8721105
44377
49
3005889256
6973701496955428567
13951167023733173
54327
751150
89370196210205
6586314841560073
93016109562732
49116611234982477
43820
864960295
883
149926149
460414696792037843
9521804288419
3893273313941415
652405177566937838
6347107895839914
742032006801001
444489
510052744532697076
31505762610
873152203923274
80680457545528
4068274891255933138
9732576604596
43751494458
2140
939131524475408
31355164984
3661622327409592263
9257125838655797209
68
62194
8
59253193
72309282
3843975371057095848
4
964390451481896
907140
80107135
6344873230462674256
9064179078328769363
318
5
470690576614274
107873993147090037
704167904
3869
12888
9670
5
956314007310
345205303931
886528419
8125830672911
83286
8909719393
93
69152151446023
190072987661296
4274
9
7958599414
7542730640567747059
41704
1024928258426
22883148981
29502
79
8926435787750866686
28056
3826
49770
20111418725997
529234
4311
6
768587717983
495340807383
475915919724
37177519
1264340585758879153
194329
133035352833292
501
76474345
16752496672
5308681103527
8123802506
55115241
6
34278337378911
1857
871885132
9563254237456223
17298444599924
6388047556
903342923887
5013305905947895084
153
5841169
742025860
68589
8288937659432522
74158363735993
377896476066111687
88144815536854
962006282767
3828
18768334880046
49038
17791044390822
218
68771056
1150956081200219023
7495615
3280977554
8180572189
72350524636002
9216410797
51174891
600934315
6108834780412
58577253
53327283673368441
3322935
7
312746
491285418496579782
726762076240
153978
5
668180387
8900693
2212684968790373654
12843040387
37039377892198
328
15146292951841
73157008359670
1883560139588492729
6
686679120773436
49320334287198
440628133267210
50330570449002910
95311
62
823946612890
5156929
6470988874784
212050
89
1414944981
48933361854209900
807087
8194954
1
4657329094
45374364004
8096630592652473
896825
271084
3415159188538875921
994
5878028368
570764
489399
49
4274027540745136
160899378911593
4627
6528862076735076
3243816
744943221
38783
1006781990873
675528093391801
66414700467832
75
533706377
299135006902471372
440283178395823
891800953
12777
201264399068
234583637
266373
1855119785296
44190523
618586370412667
57032976
2199469105665930
74598803413790290
49581
32702469907403099
659149951737462190
748
742731467
2756566
413775
60072925587
3197
34
25451206212499127
689730803394816071
8454914
148
2813891439981885944
84321989092916682
7646
496441868682
95075184394522727
983
9770035576242934
402640945078876513
8
40
71
50038
91158769657
5108689
326849
1151
9859280731039308
889752591972230
9656412468
36850097
29617117723
5642191
890
5802442745537948
67280540455507998
7797
4382448271
27740792306
14637492149
98823
932669318812091057
8716134601550330648
3302196197544189011
1986652448721237716
44602092200166
49685531239
570370475
80
1509167
6222734039
533701245
50921963019
5359595
9755498317
90089378
3
82376620714623
1521394805
148
8981272224299
139
5850891400469219
56
4566799344180479
4048844691489168502
471
4787157
69505350
982776
64824472541639
7563942930833
769723305442604728
78007062488074
44868533
4470530
354760726751187
58850199515
3694
35438159
177044939430546
456207942164770862
5
73
154999497
598
8354097781
33738558383103273
65313620944
37469441321892478
248308432567272744
802075
7
25996871771498
342811007167026653
785620065805
12178155854310105
34007284248
8
46150888608845
29180981332
555861544398
6216873875060300753
2189782
509678662
1899339963
834818975506521
1774999152456
9029759167850772
88190260
3103400135
201685108229735903
7
815
3469356509612593364
34
1889976
629711071899651
55494570375181013
1340
77483
644016357794
4433148908549629
868676629216148784
7
193149913946910076
60238511112213
762261876912433
6461698941249027
49674602495
896079754824646
3744410996438306
5070563833872998348
2650243039829
362363900149
89227
439284367070613
44582085290288221
2897140852661
703421
15231522379678
3620163620665698798
362275768
25613313743442645
91678302538864708
424
88082955
853725448300216701
99
4663720989318
87712
32946114311191
59971160603251934
49394041719
1505
114886836695955
998
1406
230254
8682910261875155
496298728434438452
4
43033746769327724
69413077884
4302544375
58023603755068
171748
42583190663446591
1571038
95405277192253
685
3986707308
1958
7667
58766465824
824801104759360178
6799
65881365
765
55830481484449550
74
8357
936
2404716738288891
599
3976856351553
8177417625784
85150
926078645
5
7692615858533234
70142544732
2812932339
380986770072091
4450697973999975039
210740961
347
745
851
742
4221278328
3
8493611221733647
2613362854871362082
241
6152032129066
46360150476714
19
690743
9139904064
4332
709336521537
8849423893
10373407828
9044168
2932555426497
3450112397831
80
6026506999264106984
641185795154
1220308592476
88585868408
4011754477172606
219
905469175352771092
8260501553408507
832191852897
11
4441364
43544
3182863066
441753873501917220
8
6281
492010418153
537183955483607
688788985631224881
168625346
138807664
36906791769652
1672250860217
477949981422493479
6819421913246332
246874844003441847
4563632441
584
3215112030129642602
928751471118
6839567
882455828131722755
569603730
3118658267
489
7213622627806658
49796531557181829
55255458
376666078
510
4152
9988763
31090523088691813
98978209
36763948771597381
253745371791509062
61573304222
4
67
37767489101632883
6876995719470381
24
99807612633424
227684470763107112
48
1640920887295715
215493
39673816788852021
442518873304787
7999535
70126127
19384541757
95760285808332
561197625471020
5000011912971
1586
4192823189685
290999997301459
2779335739130306
7329474354746099277
155337824074962
75
7163
51692
695619
4997917608808389129
395400992644
8
7963964815
1
62554170143105
29932662
3892166540783
67
9036
52627629916617
2857965778263476681
94613
1
5036514369
573784679
169309946916775263
44724305244904
1260092
2988278
782463357
58520612582
3779123927346
74912
910852796542
970
3
4771777948908290797
144
810
84364098923291
6
4370460101
8392808056367037
26474
20685670
246343773076080190
8904558298809702
927191529
225667104954
935256349470092155
2625345239703654
4940966963061124
83904608965769144
1770
2228104
61945982397323318
54895031792056
263125057722124277
8679330803789384
253835458954517488
9448671815923367201
496701244575692420
99512982285759
1596
792490
857
90809858
187710748835
208581951
3284221107
561185503852
6286444824
8388664233252124
1841945
66
50
4667
81605937719405059
44114424
5377175483732812
18198
948920
453014
312538230409653
2099
47674318
4173805860
757
7041084542
7698935374356889395
15
6922
1486052201726
96424228487788
1311562041840948710
593598631531
32100
55519503248435
294603528416
4810961944277013
62
6133219677
7911986
997870214592773
1365
4150353358377
30501
5
5752520525451
7590505
9345530225947945062
281981329476732
77386222493506781
23940563447628199
56624334
294527889010770
36636593
456
6217951274956
5087
83254823
8645153
53680547561883994
9002368779
1106572868575
514
1737103261
271640
5236
948347186232
6644
81157650238596
5
456595940085380002
763
5491513750877
2738793671423834868
83393384965434071
4162027044
7568385
893
8
269356
5963526
2552387720784
2
4775
258818986
501663853036
7663283
984109454432
37157418
548657
131082900
3880335430950783333
419462447897
570507
479476586762
586286
210
7432509279348
46196
885897792102
9262722848
933972016120939
8583255395248048
5821342106742
604099728380093326
9297586
4657
61
8
8
1652836247514
3509887867086480
3797428935555965087
3187957
15097
876034167617
75820980
64
1571
46855127055
2158
7432
16228571547998
649155911967518
75094163082182710
893562
8741551309721240
839
393894315
97666791222
614818738
15663214738097
5765043322441216
77530487543037
24014753093
6063494330
8162327046402889336
842029
1141830362
8611218387718
54191881686
139382
6099506382740
9848
7574
4012053
2378286253027113804
837492823617994
479
8314
25660188225
717198847788147179
842
9886791
856494619880842683
597659613433482752
82804620541878
181873436163
7105202597771880
416179751207101464
6
9863292447632174140
363073412921914
83606113485894297
89673475811
56
6
1308640097443967416
6167147556387110
6
22673759525
4648870633017
89205
91794249959
45778897
398227
746922717514472
146626424238076
573508769339929929
2795
7287
2775
94
3109767
230659697675234599
92136
4835622810127958
47065665616472
372186261
98650579153034
1328785900
541686329363309
3282174937408
85481553397787
66
5178761003
57499758
1
25
23909396923
22
439
537205265021929851
7450163592
429624410731
580152
5546
34345019633870
87
76861207209680615
31
65813232073
658
34474572686072
6585230766656654921
81401
2807914949719259
97666840632
3685517130
9855098
65253489993680
8975981
514293785
977289681062293
181366857335
4835969005
37817
10445
49523717455572
39888703724
492578
7937
5941823
6885844723184599
9473024768004195166
73161276
151927542060548854
9
336803928160125
38012255378399
38938544408
6578619294498
739432645496873
90324289
602694809654
4951726958260980788
8070975990
814
101620862301742
5207310729540467887
9080000139
1305936537487449
3630
9239274650504970
61
1256954706874243910
105281165040765
12
17
2
1492265512
39703
547065617083
200852335259250
9917
5658374176548155
79
330
5244467569946005
6509880100
1311
723953437426923800
316147811
988198155
38143307
418350272175826019
70890916792550
1977471951
9371685497209860
9142625822543541693
239636744
8
1061443941789
253648014883016071
75310829794875862
981887745806
91897750
95
4649
266807983914700
47577
99883480
1912317
1955294436706009694
3963621558
73211882767
547843949592881839
859959643
4330155346977370244
6
7
504801982551872881
155266
482
93435498262
4185939412406
601756177365383976
12
667557541216
93470656757133
20650838
2160918818583457400
366299512
4605
712155
91000568
2167455
58111418864262
44841696120693
118
904087662
8415457703
62765744768
74024972236001902
7212
4735223659888074477
3743336900584584
159996839243
104633
411
555877036
96263541971714
48402864283788
173759409
9316969578595
8042858634134188244
3907042
9790354379120497373
9468049654
7387363051839969
5183
361101238544
9980093163
771270
756289591410
63790844709068
4936000351097010
4
7104731973952865008
45
68
3926321413833
1942031
6412
913927103
614
113604
979250208250
264513640966768594
71578233115172205
426146241
17951663928208
42059173918948
64628809491746
460465579563568
475911182724
85517157083
591465835173741338
6442428531449
712177750835952
259435886635220504
250
954579818215
91327795526216772
9961116
4269352549615
24282
73935471957940893
593634757751985095
9167622068154364480
7141499
365042341
959257092
60412
498
92
45289329103
5012934164525789
76500593259054
9974864229
145989
259444944160160
18600397758508
50430843436278921
34457918220673374
6840785737296500689
7084695949496773
8196613230953336
91406238330
9776
68699187630624176
643757601386927589
31419402581
2233498690657
58208336751388336
44435553
77489
805
4011133
3658408927737077
129959684162390222
66627
29932956599
279655924095
40947979019
315529892
931693203158
30273872137
2279618
175511
7234042587641858659
98921
8743205
508
656621
99936289826953788
28043071577056952
919640444605
16878920267
98656400
83444226853647
67424798804786605
7165060602816675
47972920572
5
7464147600231831829
3120
196597
19005
2654436
7464120850172
83165
122
639797619497588
4804928
59705709549414
2006491
9
73536
80079
7400715170901
637203824
1205331358
91552960937
566
3564565164
2674037
337617820239
3216991579230
4119004010578933
5
48624718296786128
77071402522195
43597305
721
8770352
62309
285042091
350760289192
6269247019300126
41951724732270
67310307765
4497840
2847962
6604
3642
18356921298789569
764
9112834501
552
71314176527
83136385389135
88531
33657999390872
748412828
204917282351714863
176149370979
3930086288
544654733693052
526
37
7219569600081691
8992073640216
71795493971635
30
9846272610422434386
855538460705141670
62622661485801226
3008667053105707
8066945
123
328879137
628369
8971477803060654
4023699945
4473262849250873516
9147734
64152751543
58372
9
722354811970
2269749801438365
921245043600137
726297648435663
50809429980
87
9720105
752
989124
94
882
7245
138561298189664
8543672179535687517
77615868025
231138
25199
797710598058
88264404
1869347500
70
2492102579352
8888136347
879485550098274
536562300
153222935
237098271
8305228010
159147471
7
6173926716611
4834
239275534122
637846534909964015
5487673351219828
869515
76567001320
5981590132344836
1967416
8764793
37905245068295350
8403577
8
32
8061281217
77354
629
397504
195084953279454
11248754
6812
108189277
37
93510528014996
8983721922375992
2668870703209197557
32100356
36
23527
9170122800059566104
978869
80944879377
147525599090
98549240191
26194536
9
88055021
505076908876
40323
17438
92
432755209
415519366
7271
44782520
7295815
85457728128018980
3214528673544
8
7
6855181327716124396
4
2745779
893639223
61491
20011712787119
75981
83026691
646055148
45822317760806
82661298500
62299481118651529
35424
72672384607975389
85653029
50
107990703
366244284681
9013058
92
97325042736
5032633993964704977
3888755633296595398
7553291037664
3
181614
649445190335792
757310435
8787427
33993393936920257
69476772145964
75750677052
9455327385
2646
3835211826519981038
91
458713854
38
426209622
9032
5503164053356203
1484644
858
3
41
331
6
44474854606780019
2571011868
556
305414253861974
4372746481
9262567669043577194
35025
163288237798188
6665409172719088
35755152092
81004219107265060
4660272848
7565113885733364439
49400166818509
6416698155369309
31405975
1025675806215740
939
510
8337799137995245
63521721994431548
7773647799603797
8346
914177604
1787
96222511126128
230812508267283346
88179620204207470
153892679097
3641366547757936
2511578467230804
54329460473106478
187182018
558269
291434228316719
2804805886625
6
91388
6326100
288177411811
533704
244654687455
62392039341539326
2167559459
2554421135426858530
443
6425808
2681945634794
58
8127687479
51
458465896061
54
215
4515290176
2845040655699
427699629285
720
3
395
6457463059
78366496
95088
1442480968987
883757566365946437
6
58047196875192455
7786
726733
72182
8048043962478939988
70746710076
4919323071452628715
2250441472
914
533978008
2972791
76205364
364391902054122019
38756
213971459756
82583323
5548
2744874
843
75126
118886
929561263606660559
656079921473
523577297645
7030250513257
5066562122549089
650567106092227
892297036923
75
2
388639730891674144
781345186500973104
298547302006
21690573
34094866263037274
740174272
83779311
2854239095087736020
721
99
42501
5
80280049
1107262460
911541958531154606
11053
57296299551
9684
8
75324505
26202541762202292
86
15
643037182153808
463318663680
4600600956312490286
97281985
512224695055368
273228
8234709543677519265
78342497751253
7929679488285204
12725
590
4299792721091
8576682504147
440959782257566125
8810
26016101042973
1944777137696047
62
7559900948584355
69302078662655
6475809591
112104457
34262534
685962370259
24327408683
2094505637
7198
3004684114165265
47159176
2705926707186
80674414
812820009382578571
6483581
8707699467815
4376211519031048210
302156
94
735893273744083
167
4
445356059768490279
923153724260
89883428373048
3351215620
692154221399239
211873788413
1617
7581447702589768
961158775415
651
36758381923739
8175782040092352359
5424
391277
551735
99915
786815811075409
8459
52114
2
5960553
178422
6557818394210431648
2130370668
2257675759945206813
413017807
9563350051
1
18682
7151614984738
3255700
7435591117940
29492485
20384
6492640
7
1721689630388548
4172270220
310
94452918762145154
2015411398
30
823747
388192242156733484
99172113204109470
42973
609296
5526402757739580267
58420848944000384
77355703595890926
27600844426571143
1
475370669779073618
5927246787552420
3672751369748262
3
8853
4503021156071
257150314589
690359220
36879987850918790
9400804616
324746
7481828220851449339
31501156026
27367
19922
306302
669492
16
6685276850972825553
30155131026240355
999799585258851
87800077
28
79558734
69593465059693165
13
74609086754337861
44886
49
899760313829481049
1656487
23858083927983030
520969326384934016
2683046782709
108662
993843368649
256866337
1494695062
37508126518
804680721470840
859812815
884820097256
11171825904
264715602058987
4786046791070
630643
74879
305091082498498670
10716
2331841515899928
13977055
47579322
639513368182
29313152237981
323230660507656364
2122
63624191808
300777108073867
5332463
488710960
597
2770747290119806331
983
4240866204
179
7557254890012682
2753
957638848
725
4273328309
235372973843745352
83455291281948
7
98817890
6701743094746607
7875035341678835
47605143554
778172499
2
512042374325350979
873579366771179218
95166441
697
9
520967281643350991
25508175659643
93
3
589376684982408
322
21
3283495540383724877
83359536779855
6034525212
24921531932
939644102826852189
76509068725699
3840273998784
4811088519
877488
76307125374603826
2307
751372901401303285
477744800571019
6910893399435470020
837026173
7985585172306354181
45203640511
7573229695087
30582520
56557988305
782381931279127963
1088621307
4708612
353255
52371198773
584233
182
5
6663465257
3404377390823348
4051476586
729
580462880557525260
9966
950
24715902663177
578528553
179543058
4962520819867336
634948103211409590
559494260046999987
63
2633
374340853836107554
6952488824
802351115941
2
37349422115386767
78253319585486341
1
2751659772868
8419
860457
5430566230182116
9155
42215125452
6899
741047719284237218
7833
713415285888390837
77
844371
709094
3362283657
8950552359
1904588241
71
875
39193739386574942
724452497704703
741818119481062859
10978144768052
5056438
965486450
5658186330096825
77754511236
9509312058022349
12876144967658721
8377255559477849018
447
69616988788021
5872813767
139922964053001
193
7497604
3521611299632587
72
316911612
8926517175694059447
6924915946
7
68654458694
6185109224658740
165
7896794407269
94
3
3
997
964827480276326
73438690402250
72561840515291418
3658014
55041965749
448493668724370394
5445
924411785341496
11
688532
683737853044514926
448307941863651
666175
1516728458529814449
3786543062
880
816610896
79219305280399
990485698
31675
488084977777
17594624304
733771215588
75406016069
168286743275415
93596465474
973784701
90171
816349
389131201712
392823253985
45189307206413
5959576365552425
887465
582848073599
42635355390104317
4594384601180087074
9734358
36027275924497
365
4260725584474338169
5771928655
92273741521854085
849
100559
69524251
1
3573373983989291321
23636196054725
153123699
904583349
202542
7653847027283
3914
3572713729
768
901683869851431
6412445728807
408064944
254187166783413
7345271460020
9826560069800
3487401011
65275282417966496
81176800
6751
102
976
72713317403388711
2514749641
147457503
7441057796
5386234064
87637377661
3
49
10185790547597
885867593382010
833179463136695413
656041972067524
54490264279930
36145432850712237
23966799
476885183160
5646720085109564645
80
5584943572745568363
3321040924
26607905915
981819489074151
3509073
57115235
3559291787226570
913217
1754776286770
9
505493515749406
7917802852
644033
855446
156315734827662364
93
7
896
8944308
2041
6
332002
5898192
550625694746
40395855
6862300018536
32740207128813
8864428907
23911
459606044327425
916449696842429
311
967
6664
4548192426
367
7191
894
52614884521254528
377574
1
20388636014518381
8778371901
6890223961248773
441962333
332687693
20
7552468158
931148675461075
865306747963141967
4
3809889056667
19143848
9329
3151
1955569
663784882928028710
32927248555190
31707038434343184
3
4333111686257
605
814
534257710338717441
14614782
101826
14
583
8
4718
107490447151759
96682464849929
492
904
5462753
4909188190
4
249484
9229
9310068895
10376845490
6588
3818
8246447665692678
1438401983730016826
121785293
460
2592
15010651503828
73
56971
380226041305987
40205502332
538648185756597
378138
921553410847472923
3
9723133
2141629
652525
5
25874
936
53618056645124044
53485949998996
419
2212
575631564
38837
7
458552
78314
2423204
45758535
8910524409
29241
30819771870564
48554230970048607
554774301
2866785749567073973
6654753335545704
870
2181
96992411365417
8
63297218411
356113051430085308
72817957067
184265771
89520163
21
257276660799398836
21
8
564938748396
69118867
177521515339
389746280647573522
457225119667702
98249107937528043
4272854
7810192
5764488
8646222029343644
7
846312488288065751
67331906775
59928
8090261858
8402941509954
760125621746718
81462
2920
17949047
157078043464105872
67675398581
87
3521613716
6027891832742152
91532786383280439
503334860
364719655757
399185728190
27095955829466585
62569558114
910239803032638059
8640235672131881
7057155143760793042
87709
7
6734046551
321497
1774631443612
814240079238
6547
49117366077236242
7149341
37610581963881
41820718673
41276525
6945555
5087080089738
9157523982912290
1304375797693
842
18
89935722
5288485684
36176
4340
42386
5089086
318
91
252340662
5030253650706340
5985115197890402681
788
67969032
68474441490380
23856841394
9112705
4941245298541
60426714
54024974515707
1
66
1216040461800812
85
1199416253
3689952
843165248920070188
739838743734
4045502867250457
686893
2739831689406339143
8590006
1
15218
8797
4595687138359851488
118284669760018
3
9037
859186263808
16598461
129
271875636078
64747
853886
800705182926162
3306
2936
553085
86064298851
5869526229
569248421735701
662982241
35
3
204533
62768
8131144
53474
7581373536529751
29368
525947331808002
4350037565816
3292
9002563
112107711825813299
43
47
695
2904875699399147
1597800
989
4752414958714
6105284388
83
6746291516
4599698108005842290
1
5560305385536387980
34225707661567
427567039938314
94
76997710337107068
857698435893
53143428431580
89997279158290
1
212407942796320
4962183927614871
7286331
6991646336615145547
49656058780694
1520508048453
6478
93285
622287316
197090084321979
1
181551
3404155397940670
8250
1768987511472
78026580
2412931
18230002500433684
570
6404912920
8966433752
383499
14
3127479814
443813819
6213940260357525507
88260934709909
30699803981329
14329
791129
844810378850430
569846011989315500
377977821706
430116
527
86
81186688
259763
77
67
742
9
6223809
43027378269530
927389745883306
61
58967466
41143910846
3729686
3
71490891902071
7607
538489118955238
19513831
92773156259
7343874225372
9892
595
1354118
9106824399
731823709397258
6358390
6912606508073869929
75940
18091090428
6894192871736527
314630
6231989
62147064
45
9753195338196755
944299
773283949685509180
5826
465177675797
2131
2493392363702743
255371
713
95106917208253
94311159735364200
9625257679228186381
85709771451
60105205148
162119292
884405795
16222124
480313030284
285530393045318958
5533566392812876
7462015096
1488921898
40
892540282
597510812227254
54439149
609083248
3747524445741
6301255281386
34263367
478429791
9
391881
322919772303665114
7244826347
477558698270599123
111870261152360
5838564282222761545
7161
198547391321601
779528727886495293
36312399807106
57343
63833725239
117131502381
31
45088
577009
10038931344155
183397
43800499510019128
696296702219813
72695951
7696123892604
3184807007469782963
37542817125
620487599051416
23
72265114
4087654555678417
481767
356082366057413
47362277
73807388522350
13947317868817995
1
31819675012336
452267594508708
1
87339970501053953
915803
86
5718642196
62462660
12077947
3613929294367221
285
2057
7623693665
7884157526667
859807
8103834866992808597
4117992257778103
31057378
563
375257684399639702
638536792046673
8940646
40087342
3707617
2665888731
4094132791143646637
79513
988896844678976
490988302
61
305784683
310450002439336124
27
8500286388240
9458353781428507
315661993755846591
72856158917
388435432461545
8214533684962
21521395513
2
68759
5702300
488866459
1702847441
485102
8364485678518343
35287764197419
455312918896026057
5
4446772955580
6
38477517741243
908
520806006170858
536720
25
97538441
3363314591
2103974349833
5497243500806
95
9400806752128
947329223340134
719176
34716
7686552678
873331867506086
1587742242082110
926086597123075
270762556183195
42176710
42268795
396832897630347460
6797726
444055022
64397441
153193
656367717895
77546086346158283
61099860293
10784907702
2304445826716
82300695511
45
468584473953354
4159347355
9851055415137
887224428025914
6327405330450480592
1478
996814611952
5340921991806
58883451239289
74669192862095456
4908208983009645
9080705905432
16053601
79101365585
981785889451968915
20819865865110
524486141533530
9353694
4416398
4049121
394764719134046
4115802856221891
3787773
5943928492119420
897288614
5378694085121158603
408372
8
607421210
9226636889704255
8239639451047703573
18268
67
941507
9208706
75188322
32628690915309988
679784511181951
130346442372
85
141871012463502879
2749070431010
97921837456723209
2774465274187941102
114
3193477310180048873
897988740
38
922
6239759172
33363918532
75219134368125
3122
221986423895438
49097
35533
203645
9895542774
202
3250
939150074192441
997933420755596
2917152668974834
520047689869
4219505885464453
140
9349268294509
76215997
885
81386
88085
5
2
658187344
572544593
979946683
3489
291
45355122109
359244398
496596851048
6702913
3971
86839001126396025
710
5499
4723
649861
17700917326450
736
549013059963194
36
293
9376278741398137049
24
47153573097226577
218775064116
6417
211250
5634777927745212105
2701537374598
8851
53
2
67605673378784753
6719986423468483
673013560376028
8540
2294881513
506956534689966617
21636128595127310
514228283824162379
1204277045
31269
97271920923235357
680
8897224619211599889
27652134894461
379374222
590261653406
5331881703192
48099758596199527
5342462213
66
3488
3289
307406498
3456833078413
904799992431286233
40738421622612841
6732716955368070613
27238
273876837499743777
2124009
759371211
2247874124
66634690021
7424185985785
2095
5525455116
856450912
13328797
824086672030788
6593896
44081706335304
9813935280245902
3327031607
6573998
857
893202477450619
5875577017908578
25357438519695874
409449
980019315339
387972
7541517
503
744
163073
85216994790565766
384388968375374
507911054335733753
7864742600308730162
38868611725435
9078
284230
7409378
6642770
97929423
50907102
803790856220
38683042954365994
572805802660628012
349943822046
426299843449863
91976014559528858
135079
60471316
653277501240278092
939680757733834761
7
34771
929857779049559
89901
94
59535835
17
860794204961854
960022236420401
547494
9076
46599206
4
38455022436601289
890396230476832203
2739974823565
9368
6974118
822403
8010386
6572146771155461823
154387851
6499
13163
940
639234022369751
86
9604554336241732
2582071049
606642601528
943
23756
423599408
1898347012
2824845708617862217
775655947729
51012
398209
5840180839272
845885991
7812221
90731
366313
659627578904451
40008482946037342
303176
953
5065921470602083
724363447400
75249298006837750
6173979872
430481632
9179985220
324180864910760736
386596952732533629
69924299293589
101988
4816425
33368855045
8319779
5011
322407168575222353
48604688
9209068419
9887559917138456
97776761808184
51040
561
4526
14412076916
6031
79301261818673994
34960
4
63300
31826879
1003467289489386199
103984151312208824
9931
7340041824225
479638985412572
613844711092078
1550
35557602
35
729471
8687927259
51523
724172318
2531
4212937179005
8851082
13645
21504917630363224
22261847
91228608
91454544796
1328
133
3
869148
4629
231566676
7530399823854
306070443277261
7
8517638387771
43593802
5990658638101103
958351068572781
73
31219371
814981120445
6756259385158852545
1180965405260898250
540855805735359926
2230
9347
602512097
123
9810346747866710
4415
96979387890284658
27072775483
47433909
339258
6969003056894
78963
730006896981291
5326454480
2705
5909319751
28157978
930214061005530
19761856553
7224917343117
7674348774252730
3732
98852015759
4120434142978709
2208312811
2930462535
95897793067
759391641
825
6
96454
2
2309369211998331
7975430
980117053886
5460301
515669628
77655986746796
3534510175366
28
8268
1135244721562350025
96711192
40
886889865344
6740123075
5
942945957
94516458115919
17077440877171
791578120943
3945483
2457
8853560
45
7474
746923
152699472735482
656464269036284974
7329897220
322797634
468626610487543
678
1252033585887885950
8485495543965
8702130
794
56196907470069
82101452524052143
6868761521147873393
9729532684
630193
24474677368408050
79
937131205
5
645271
54782821114552
20951
141398714
57
916110330437174
114068121210
394
694640431975
36182
73505
60659852664
4332214
562887
2765093
505562394067
717
55936691356
864
86969265116714006
260171076
606439772098021721
932
86520811394987
845691952
8845064
345061901477219
826456363556490
41
6105862393040044078
83205659
37511753563784389
9572810032
2266109830175
265859826185
134148252134430919
2014068067
214
5006985
15267693674131353
298770013
286100
4700361773
7
47423711030081217
84872714027566417
30
2279835905868325417
85810232
3036653
612840194381009417
97828774855274
33950427529
485287444604
67325560
34138
85328210114523791
2015164576812648743
223
7619706072585669
1847103835
2214728644579
14305528272628
5591376097126714
31588941028816153
13902
938639858
8322780254698402
8671084843478
561909614070094
217847
58901606
6497619
98
8902
2589647434331479
736243461310
1
773290893071
232
377009850321576
9342
581732058462001640
31567775001
2468528429410
1
96742887591046
54009555145
289
674843203048889
615090819604453
259
24880890977816
7301307
279804672465382
4732545
3110003008979897
808775113898
162514051
7193875
1429733963527
36121573159
52107439048080
89490
950167863966963826
7458376273051057
31406694117
606652072369238105
53642379024603347
977283469028
3994
20716968244
2289396
348961336501535109
1712205790413
969478025351792971
433536212
60699187630559
212742610936142
5639958650
2063450
2956494840484
63753823039093
4657687821280
842
5574615877033376125
39807
11714410364232063
3002685
661105246926
2
68815749903
4807470
100822788923
3
6
8686194950584946
37
45264527
194820140075680
9912559
8294646376791
289204726554500
6215334252812977
3452817432676473
81866948318004
5
131968631
8157453248205752
52685930981
223648719014684102
97436084726
869797143
138819069375235948
813098005648489
40
55099505722
995010492862650
28434477768
233
902763
378646179
189624824036
4841694
8964057467113
7
6761039424
1308144
86944760
28041412757728
469
618530201298243
600489594860
787190466406258
57492
36440005
794854088284088725
918639
38671752307159552
8332226
60283118292976
958
16676891
8729542372246944
33066774
14968
70907909683794401
448089298
199
84845
8874
715191
3
44263301
4529857997384509
4379524675924128
66586858
4062
52
545715848
2712316
284139254116
747479712054412628
15132114103
529432351816045235
377927
960369594273055
6679493591942754105
1361387257
12381320199
4398041604076
907
642
458889419162285
65360889207
45811
7400209221174613
968072
683
41378
84610962022995168
466713523
1616714
7310931606439
915396627
7304275697232870489
272
8
5324440524143
25784775410
264208
46620895948704
33
9617
5970855453
6192496234259
1280
261023558100105125
72
9537391
90101921
945134381
895821166498207
53557718280
711801561886
2665
106666
71172874506768548
8484933571169916
7870744
2785482149
8393
988066
83343042789995
284902
1764264254
56092099105
728
2944484494982
2948871452054103551
252869113574
2893533
522984208
52316402243
23991173359472982
1436865403685633
520244298372148
82016
97354710213295689
2552832637354420287
71
3
30608958619690
88400
34884584
9683740079019
96052
2679339893893
767727
34225756219
44091529
9364226348
26665381664
69394
4781408
2
372530522369
504960631017892748
77840471708128
1267770223
97475
25458609
351
5673324065385008
13934493
13090968165081459
10164946771
3060165979
1427087483451971985
9883
3240935083870954455
21647401769
9
3744942
151384
2696
2440
33328888
70904104649998149
9749198
56042
66502222022
65473018
12666680332653
7831454148526882
82
1685266207168109937
79065232
649480178
238
26686417
1321521369
8132720282582528
2679060
11545120317
18813257152412
4369513573180518470
38606245
90638100686611
732313291827
779871
53500118779
250791
2797390892
77
937196
2779
77
5415197365333574764
3
7551
245790
86123
3338425631599240315
95468
604154682
99
642229599774450
63470416
514
8418232818
797434297465751886
9
7740630
9640527017087
62090065857685
17265762878646
817890581890002356
348185659218039
7979250728857229264
11890010184
9519
14184845
5510230740646718
685472751022562867
56
655
27
944960430667751
301991435
513
92652033410786
1252534390372
9674632486680
6867526350978
71748
55
326063662279567014
86546086990
36085577279704
8887
7795653520394
573792885530857723
620563070099
703762025874395121
9079766381665012474
58194264170233
144582
8104227327
352723876117028
1
826440358177690139
90
94716436801
2686873
586257591235640766
442592373250768
981
3355260695
374389
89484905
50709927787
2835323919121
3307427285881
72
8543437
1429500448
57
9615
949660480991178927
88366
7904160052522170
111305912033
1267694758
6710
2313329412183483976
898349684
72523502
423041286430
596222
33
5911741134380104
23551748331051646
65401446979197452
79864220244141
8649260566166085
77053869319
7085
3603838284746091255
69236197963331042
6200454998
362442140
15730326
5079469202
3257872461223022270
93
8
868264333829
190480290826248284
2
245954045545
46
6
855563117790
749621172589440913
3760
54571859297740751
12175289592
93256376311491036
5399702
2295349071041
391588000697621102
242906422
3626027235482506
488892357
39106928
5015365740814976
9088573213
84
78891103238
5
52181906141367
7144099232456560423
2752
9
106969
334874812531853886
30
8735639
502823618978
968405077
6567254399014
76461364916210970
57434
3546696352
977473151453123491
1213429
6
41122917746
57807474014
234721109209178775
9472
7149624769300880018
104256997
80392
263258760457922533
46522673844
5
4672506212
739689291049
7982395285479503
2555461797066922357
2968
112423
246
11075116155
49450720857
8
234157454
837
88309
13828585
81039067
32169729
4278517008262668583
6561560865362
351072
29
60602154
39
8
102643522273867
1906028
378908
8683480530
1276276
8225609104086030
4773516963488209606
45727306
36686082722663289
34359845849180253
44761
215527978
824803585200189
725975411604048735
35679158925492641
210051244041
49836077306102
3914575635
24698181303910
55869404582480741
219185
4646115872600012
749010062444913
779792684105428958
2399876
564670
228397147515108752
