0
14
0
26
2
0
24
2
8
14
8
18
8
8
4
2
0
0
224
8
24
8
14
24
8
4
6
6
14
24
24
0
0
32
2
8
26
40
26
14
0
8
8
176
92
32
40
24
32
8
2
40
14
8
8
8
40
2
8
40
8
12
8
24
8
66
14
12
20
28
8
0
8
2
0
2
2
24
20
0
8
8
24
80
2
2
8
24
8
8
26
4
2
0
64
0
2
2
40
8
56
8
0
0
0
2
24
0
14
160
2
6
0
4
2
4
84
2
40
0
8
20
176
2
8
2
0
24
2
14
28
8
2
2
16
8
14
20
24
0
24
24
40
8
14
2
2
128
80
32
2
0
2
168
2
16
8
8
56
304
6
20
2
8
2
16
4
0
2
26
14
40
14
0
38
2
0
8
8
24
4
4
8
24
20
116
72
40
128
24
0
14
8
128
40
2
2
4
40
8
64
2
4
2
2
32
4
88
34
92
4
2
8
26
80
32
2
8
176
2
80
40
24
8
8
72
4
24
2
24
8
0
8
8
8
2
14
8
0
8
118
0
8
24
4
10
0
72
6
0
2
14
2
6
20
8
52
46
8
40
0
20
0
8
0
8
14
2
0
24
8
2
0
52
8
8
2
2
0
4
12
24
20
8
2
24
2
24
0
2
4
8
2
0
20
2
0
8
80
24
12
104
0
4
2
14
2
144
24
8
2
12
54
20
32
2
0
8
66
2
10
14
8
2
2
8
4
8
2
8
8
128
2
44
8
2
24
2
2
8
24
20
32
6
64
0
2
10
4
224
8
28
24
2
56
2
8
356
72
0
4
4
2
8
2
8
8
24
38
2
8
8
2
40
14
4
92
14
32
24
14
24
40
8
72
8
4
2
12
14
26
4
26
16
8
2
56
14
8
8
8
8
0
24
24
8
8
56
8
4
24
14
356
4
0
56
8
56
14
20
2
72
0
0
8
44
104
2
4
2
52
56
8
8
40
24
8
6
8
118
46
8
24
4
0
14
24
50
12
0
52
24
8
8
2
40
2
2
64
4
0
4
24
24
8
2
2
2
26
14
40
14
14
2
2
24
14
8
0
2
26
32
56
32
14
72
8
20
8
2
2
2
2
0
0
40
40
0
0
128
40
8
2
8
2
8
4
24
2
14
8
34
40
304
24
14
20
14
8
4
8
24
2
14
0
14
2
2
8
24
8
4
14
24
0
128
2
2
0
